00000000000000000000000000000000
11111111111111111111111111111111
00000000000000001111111111111111
00000000111111110000000011111111
00000000000000000000000000001010
00000000000000000000000000010100
11111111111111111111111111110110
11111111111111111111111111101100
11000000000000000000000000000000
01111111111111111111111111111111
00000000000000000000000000010100
00000000000000000000000000000000
00000000000000000000000000000000
00000000000000000000000000000000
00000000000000000000000000000000
00000000000000000000000000000000
00000000000000000000000000000000
00000000000000000000000000000000
00000000000000000000000000000000
00000000000000000000000000000000
00000000000000000000000000000000
00000000000000000000000000000000
00000000000000000000000000000000
00000000000000000000000000110100
00000000000000000000000000000000
00000000000000000000000000000000
00000000000000000000000000000000
00000000000000000000000000000000
00000000000000000000000000000000
00000000000000000000000000000000
00000000000000000000000000000000
00000000000000000000000000000000